76660156 515683898
117741289 503895492
71498270 507223358
104909534 506589088
112010478 493824310
100835828 531857795
89211082 497119216
87740402 504673347
112979450 494036216
87822780 478587188
118388051 509541969
84946203 504316406
92527551 490274276
90362834 500765419
92384595 526997680
95395689 508105964
99977035 499252319
115213203 486369171
117417821 501328277
87392206 479910964
103773860 521798744
87608137 521392250
121867790 494417076
99290704 530076560
101455841 519379730
113200511 514469757
83009796 499708633
79422755 499334754
72069702 493274765
98837032 524272727
89164133 492273292
110673713 494203338
108281269 523096771
101487598 535479621
93189620 532176551
96682929 506789321
101862106 489549026
69789662 506199798
89781141 530394630
95561027 507838668
86020441 492370376
100228815 535243072
90327186 487612037
116067838 499767875
107064561 537844657
92997837 507497901
75763378 520070075
102576580 523365898
112308893 522006950
101815690 488659477
76275115 514886665
137689895 523219947
96814165 505991096
86528692 489068145
75011649 520136833
127250699 512381706
86259222 535206031
105070943 523169555
64967021 499999923
92171897 531319351
138785657 511712951
93470287 492008514
94606742 493802757
117759952 505789146
75345106 513232727
88352098 522121276
99219341 536016731
118806257 507746276
82114934 531277809
123217115 486469497
100058612 531413612
79618830 523209724
110786428 498054924
102624959 508584785
133843240 525558929
97475557 528759460
119218559 510054588
116904449 518552970
113522720 521871643
88304176 498657188
92498788 531690063
115080480 497628211
90567483 522188911
114628095 493225097
117779827 502301025
127395153 492403182
86628055 502598876
106337709 523098640
117578325 508651123
112541208 515505447
123412609 540399894
119160490 505356407
79376568 516712837
88910694 485342063
110875072 474995536
119403257 510362396
119594850 511256713
110752735 514747314
108333444 523087997
87185287 521014823
101380767 523625640
100329236 535541610
88318300 484932060
94323587 507864646
78126516 532759819
101696453 520226554
88177394 506113929
92857599 532354354
85378131 489382858
117747125 505716857
87829389 478653411
115306959 498731346
76863946 516302795
99651765 491769790
112637071 514483795
99263353 514005584
99677686 521850624
112285861 509504966
112091226 538312988
78910331 509278678
97094221 526457443
107282314 523103561
104786005 531415596
85945167 497202453
94803218 509650688
100452861 500657463
99674615 517316665
85694761 500522384
108909435 499222259
115299425 520985221
84785480 499404220
115390453 520842552
119560976 511184883
95408754 509407997
100837163 531874160
109103364 534427375
100785951 510215072
64989528 500038299
106495561 538287124
100833044 535073051
117575616 483796997
94965858 510455780
97406864 504451904
95366935 508079986
105722503 523126945
88815097 497635192
132721643 510312881
98198051 525139579
100921678 535085868
85030755 505433235
96972398 526649894
75530591 519328613
85108394 490729598
79407677 522915306
86527156 489044532
84282350 515897026
85754384 481789474
73095068 513262863
94162521 512189788
119045124 478302001
90573530 500316123
121808710 513959770
84765186 490256156
90466299 522186050
80402145 523907127
121041116 500842132
93464298 527528915
114197854 489625473
117023878 481912574
95867643 533225822
100719270 521212997
111040239 499875411
76569557 511666107
116847057 518501510
97878437 525632133
100175485 533796653
116956901 494232864
92184019 510145835
100913600 497776870
71455864 505639953
99095077 522786254
99970159 500806503
98979759 522899856
95800142 508364906
115431814 521486587
71995339 511782073
95890226 507681007
129305295 524392356
87058706 503764152
112224826 498995094
122070407 494445533
98993587 535636062
94865207 507972297
79424943 522996788
127817535 521584968
131036281 543029479
99178991 539050216
102567338 510060729
100264263 535336494
105884971 535566520
103592824 492422828
68506317 509661903
127913389 508707351
142940835 517249031
65705127 504075813
121378431 532655487
105327615 523131675
83204908 506538047
118638477 516270446
109655427 522685585
98618497 514504585
99174919 513149833
116073560 499492149
96031351 476051139
78352131 504458808
121530666 493288040
98390855 497494888
93912172 532400779
100393114 535017890
120594320 540204811
94812631 476531028
99275846 529832344
83190917 501606674
91887960 499952697
93315277 507544441
117640199 504013710
85926609 480905876
130255985 522322807
64263443 499643745
78270640 499249534
116170043 500484008
111353540 483509483
103834733 500062294
94160633 493564491
98855199 529541931
103222351 497738418
68493561 509402351
98979949 524074287
96932172 505667152
97886352 497539978
97993059 525434150
97511653 535241317
117749586 505713729
99286813 529997062
110036754 494848213
99129247 509239959
133900203 523067054
81569585 507606315
127379131 529056129
123526935 527294654
97505035 543101692
117968511 502581329
92132205 500022315
82785730 499742698
92909517 499717597
121808290 513921432
115373649 482381286
123576126 531694107
120092506 532968597
72377552 512257270
90570926 500316772
78780384 522306861
93953828 476719207
71556701 511186943
75630946 519100646
100801162 535071220
72961559 531828804
133599863 525544204
105746164 508808822
105430307 497630386
71568636 516694488
113971729 479022521
93735208 507646255
99050664 522842330
121046047 502126502
92285413 489717407
100744705 509861488
112011823 493512878
125909624 491571350
100784692 532870254
119907140 514789962
90179138 522218437
99768714 531006011
123542604 535234642
135601491 536718597
94203634 498845443
92184219 489597587
127593889 510320930
82801723 528845634
130019683 528155555
93206052 532192344
111830711 522036895
94516067 528874244
111816177 487378463
102887115 510103225
113837356 493742599
95773019 507781906
100491199 517884445
92521047 490261878
89161643 480170516
90536451 507047500
100234842 534727096
115898685 509203758
117566137 501813430
101611394 535611190
116079168 500281219
125963172 540293159
82058258 527979393
118909654 507824783
120335226 512115249
94905834 535869102
105693645 508779182
105158014 535692253
103945970 523374633
75106902 502928581
109452505 509026374
118333320 503416290
101148233 482640075
72062296 508226661
100315313 534192771
94528770 498697090
115936107 483954467
107556247 518430900
117779035 505677986
122671403 490615768
104232797 537885742
101863698 489058799
100489044 531543617
119656515 505283927
144053840 526295318
97311000 514078941
99301805 530108489
98777894 545506858
72960200 518555603
81898660 500045242
101440105 480083084
112033596 476269607
147938699 515067977
99459571 537704048
124024667 490136795
88298587 498871574
98749122 505985946
92472324 529574241
118342151 509473762
118911581 490872497
123301744 518483390
120194101 512000617
111824989 487423629
81952505 518253021
138173866 518966407
101812667 544453277
115174751 498550338
92458505 490131683
96900110 526827392
105346031 522105598
96176147 508410949
96442584 519573860
100012969 498995361
92152547 531285705
117936038 503247985
84372119 489788093
98993406 477096290
97906513 525581970
79420223 522972908
109749517 522665367
93033084 491115570
107289838 537922248
116926631 519420623
98793888 515522079
93497562 492332344
110085344 493098220
137057981 526251449
95614061 509178962
105355405 523132362
89936828 500021629
130736494 527042961
115276861 521095504
95429439 509351959
125768003 520150566
90281867 487016487
86316423 493553428
98535232 524746131
87044754 503698081
121674556 494634513
106158905 476233634
110893287 479850158
94627962 513634071
92567806 490377655
121880064 498706321
98809251 524328842
85545120 524638977
81062126 525227355
96195964 497635612
98317747 507467308
83764314 489527320
87973842 505682983
109725570 522675094
95765581 508315811
119911403 515658111
89429187 530274200
66804046 505598716
117933130 505003013
110944356 480674247
101636190 510059852
88573198 485115051
100236692 533936233
67901201 512904205
100397119 517847290
115895738 484272689
127947092 508689765
92122182 507237815
102241582 484034271
76956415 510793113
107620086 535310020
116063604 500303459
114234552 487749824
99414901 536225128
102825241 533283348
138207130 526627388
86002292 489245796
88184337 479866409
124603548 519586753
95158052 509482231
93056240 491566772
98776140 514943275
95731382 508273696
99539222 530590782
100272645 535330924
94849081 535918960
124357280 492271308
71886982 511327247
92920942 532111511
101168956 513920555
114215431 521880950
110075130 508551445
100239706 535294494
99429826 517178840
93602313 476663055
124913415 496271514
112294502 518271751
100023775 517406997
89164533 480063438
106004333 538477401
95367918 512804222
70674300 493344154
115940761 484984283
111482524 493738937
121561765 497351951
129087257 522556343
94772682 511662826
113030643 500084419
124691200 519637374
125381383 515459365
86928997 503485336
95141572 512470741
111526536 522086105
90867443 530577278
124904651 540105133
98375740 544627990
118004140 533493080
133026285 525754165
135611143 526147460
92708101 507742385
128229188 493245010
94214859 493603019
96288251 528084182
100087213 509778404
132212667 489052619
120140218 522345581
82867317 502038345
144235830 517066307
69253225 506574363
86977186 504224052
95908203 508641586
125508146 540135231
96387310 507413558
133469219 538725280
115980377 498886871
81763496 527407493
95607347 492171020
93098402 532100257
122151918 514732284
127943830 528079795
93010225 507512168
86519412 502050476
99523506 521928596
104759330 505346260
96263103 524207916
116803178 518209953
95359468 508066444
95284109 512757186
118628759 507508735
97392110 528696670
71497325 517252578
86107578 524322586
112041378 483101234
99767551 511240997
119994544 503433341
68498983 507603530
119445514 514815673
